10000000011000100011
00111111100111100010
00000000000000000000
00000000000000000000
10000000000101111000
00111111111010001100
10000000110010011001
00111111001101111000
00000000000000000000
00000000000000000000
10000000001011100010
00111111110100110000
10000001100100100000
00111110011100100110
00000000000000000000
00000000000000000000
10000000010111100010
00111111101001100101
10000011001000010011
00111100111100000010
00000000000000000000
00000000000000000000
10000000110001000001
00111111010011011001
10000110001110110010
00111010000010000001
00000000000000000000
00000000000000000000
10000001101001111110
00111110100111011110
10001100011000101010
00110100100111001101
00000000000000000000
00000000000000000000
10000011110011011011
00111101010001001010
10011000100011010100
00101011000101000110
00000000000000000000
00000000000000000000
10001001100000010100
00111010101001111010
10110000010111011101
00011011110100100110
00000000000000000000
00000000000000000000
10011001111011000011
00110101101100110110
11011100010101000110
00000110011011111111
00000000000000000000
00000000000000000000
11001001000100100001
00101100011101111010
00010101101011101000
11101100111010010001
00000000000000000000
00000000000000000000
00101011000101001010
00011001001111000010
