00111111110110101010
10000000011000100011
00111111110000110111
01000000000000000000
00000000000000000000
00000000000000000000
01000000001001010111
10000000000101111000
00111111110000110101
00111111101100100010
10000000110010011001
00111111100001010110
01000000000000000000
00000000000000000000
00000000000000000000
01000000010011100011
10000000001011100010
00111111100001001100
00111111011001011010
10000001100100100000
00111111000011001101
01000000000000000000
00000000000000000000
00000000000000000000
01000000100110111110
10000000010111100010
00111111000010101000
00111110110011111010
10000011001000010011
00111110001000001000
01000000000000000000
00000000000000000000
00000000000000000000
01000001001101100010
10000000110001000001
00111110000101110111
00111101101011101011
10000110001110110010
00111100010110010110
01000000000000000000
00000000000000000000
00000000000000000000
01000010011001111001
10000001101001111110
00111100001101100100
00111011100100111111
10001100011000101010
00111001000010001110
01000000000000000000
00000000000000000000
00000000000000000000
01000100110000000010
10000011110011011011
00111000100001001000
00110111110111111000
10011000100011010100
00110011001101001110
01000000000000000000
00000000000000000000
00000000000000000000
01001001010011110010
10001001100000010100
00110001010110001000
00110001111011011010
10110000010111011101
00101001111001001100
01000000000000000000
00000000000000000000
00000000000000000000
01010010000010011010
10011001111011000011
00100011101010011100
00101001100011111001
11011100010101000110
00011100111000000110
01000000000000000000
00000000000000000000
00000000000000000000
01100010100011100000
11001001000100100001
00001001111010011010
00100000001101011101
00010101101011101000
00001100101100110101
01000000000000000000
00000000000000000000
00000000000000000000
01111111001010100100
00101011000101001010
11011010000100011110
